,patient_id,heart_disease_present,slope_of_peak_exercise_st_segment,thal,resting_blood_pressure,chest_pain_type,num_major_vessels,fasting_blood_sugar_gt_120_mg_per_dl,resting_ekg_results,serum_cholesterol_mg_per_dl,oldpeak_eq_st_depression,sex,age,max_heart_rate_achieved,exercise_induced_angina
0,0z64un,0,1,1,128,2,0,0,2,308,0.0,1,45,170,0
1,ryoo3j,0,2,1,110,3,0,0,0,214,1.6,0,54,158,0
2,yt1s1x,1,1,1,125,4,3,0,2,304,0.0,1,77,162,1
3,l2xjde,1,1,2,152,4,0,0,0,223,0.0,1,40,181,0
4,oyt4ek,0,3,2,178,1,0,0,2,270,4.2,1,59,145,0
5,ldukkw,0,1,1,130,3,0,0,0,180,0.0,1,42,150,0
6,2gbyh9,1,2,2,150,4,2,0,2,258,2.6,0,60,157,0
7,daa9kp,1,2,0,150,4,1,0,2,276,0.6,1,57,112,1
8,3nwy2n,1,3,2,170,4,0,0,2,326,3.4,1,59,140,1
9,1r508r,0,2,1,120,3,0,0,0,219,1.6,0,50,158,0
10,ldg4b9,0,2,1,120,4,0,0,2,302,0.4,1,66,151,0
11,xc17yq,0,1,1,140,4,0,0,0,226,0.0,1,42,178,0
12,mpggsq,1,1,1,140,3,0,0,0,335,0.0,1,64,158,0
13,zlyac8,0,2,1,138,4,0,0,2,236,0.2,0,45,152,1
14,f06u72,1,2,2,120,1,0,0,0,231,3.8,1,38,182,1
15,2fv3rc,1,2,2,144,4,0,0,2,200,0.9,1,50,126,1
16,qyrkxn,0,2,1,130,2,0,0,2,234,0.6,0,45,175,0
17,237mql,1,1,2,130,4,1,0,0,253,1.4,1,60,144,1
18,mc750a,0,1,1,130,2,0,0,2,204,0.0,1,29,202,0
19,30v796,1,1,1,136,2,2,1,2,319,0.0,0,58,152,0
20,cvux3j,0,1,1,160,2,2,0,0,302,0.4,0,71,162,0
21,k8899q,0,1,2,108,4,3,1,0,233,0.1,1,52,147,0
22,jhdvtb,0,1,1,106,4,2,0,0,223,0.3,0,67,142,0
23,5g9v0h,0,1,0,160,4,0,0,2,228,2.3,1,66,138,0
24,83asqd,0,1,1,156,2,0,0,2,245,0.0,1,70,143,0
25,gla0im,0,2,1,120,3,0,0,2,211,1.5,0,68,115,0
26,zzmfh7,0,1,1,128,4,1,0,2,303,0.0,0,57,159,0
27,f4g1ay,0,1,1,128,2,0,1,0,205,0.0,1,52,184,0
28,lek9q9,1,2,1,140,3,0,0,2,185,3.0,1,60,155,0
29,8265rl,0,1,1,110,3,0,0,0,175,0.6,1,51,123,0
30,6017a1,0,2,1,130,3,0,0,2,214,2.0,1,41,168,0
31,z7xkou,1,2,2,150,4,3,0,2,225,1.0,0,65,114,0
32,k7ef7h,1,3,2,140,4,0,1,2,203,3.1,1,53,155,1
33,0n5fu0,0,1,1,180,4,0,0,0,325,0.0,0,64,154,1
34,55xksg,1,2,2,112,3,1,0,2,230,2.5,1,58,165,0
35,pjgqa3,0,1,1,122,4,0,0,2,222,0.0,1,48,186,0
36,xkdz7j,0,1,2,150,3,1,1,0,126,0.2,1,57,173,0
37,tpuevg,0,1,1,124,4,0,0,0,209,0.0,0,62,163,0
38,ascl42,0,1,1,120,2,1,0,2,269,0.2,0,74,121,1
39,1xwoe6,1,1,2,128,4,1,0,0,255,0.0,1,52,161,1
40,ty4ik8,0,2,1,150,3,0,1,0,243,1.0,1,61,137,1
41,gx6yxl,0,1,1,135,3,0,0,2,252,0.0,0,63,172,0
42,hlmts5,0,1,1,110,3,1,1,2,265,0.0,0,71,130,0
43,yx0q6k,0,1,1,140,3,1,1,2,417,0.8,0,65,157,0
44,ep1o51,0,1,1,108,3,0,0,2,267,0.0,0,54,167,0
45,gj1e5z,1,1,2,124,2,0,0,0,261,0.3,1,57,141,0
46,6219kl,0,2,1,125,3,0,1,2,245,2.4,1,51,166,0
47,rp9g6x,0,2,1,112,4,0,0,0,149,1.6,0,71,125,0
48,1aeaff,1,2,2,120,2,1,0,2,281,1.4,1,62,103,0
49,y3prof,0,1,1,105,2,0,0,0,204,0.0,0,46,172,0
50,3drd48,1,2,2,140,4,2,0,0,311,1.8,1,46,120,1
51,ejo7p3,0,1,1,130,3,1,0,0,315,1.9,1,43,162,0
52,r7y4i1,1,1,2,130,4,3,1,2,330,1.8,1,63,132,1
53,mznwxv,1,2,0,130,3,1,1,2,256,0.6,1,56,142,1
54,27oevk,1,1,1,130,4,0,0,2,330,0.0,0,61,169,0
55,jwqi3k,0,1,1,130,3,0,0,0,233,0.4,1,44,179,1
56,328lkl,1,2,2,110,4,1,0,0,239,2.8,1,54,126,1
57,tlk9o8,1,2,2,120,4,2,0,0,267,1.8,1,62,99,1
58,aq2vrq,0,1,1,120,2,0,0,0,295,0.0,1,42,162,0
59,ilogfb,1,1,1,110,4,1,0,2,197,0.0,1,44,177,0
60,rv6siv,0,2,2,115,3,0,0,2,564,1.6,0,67,160,0
61,m2a4i9,1,2,2,130,4,0,0,0,305,1.2,0,51,142,1
62,pwigd8,1,3,2,130,4,0,1,2,283,1.6,1,56,103,1
63,qwapdq,0,2,1,112,2,0,0,0,160,0.0,0,45,138,0
64,4sd1xn,0,1,1,110,4,0,0,2,254,0.0,0,50,159,0
65,nck22c,1,1,2,126,4,0,0,2,282,0.0,1,35,156,1
66,m6zksp,1,2,1,130,4,3,0,2,322,2.4,1,70,109,0
67,f70grj,0,2,1,115,4,0,0,0,303,1.2,1,43,181,0
68,k1art8,0,2,1,135,2,0,0,2,250,1.4,0,55,161,0
69,mcwqgs,1,2,2,120,3,3,0,0,188,2.0,1,49,139,0
70,3jsjqk,0,1,1,120,2,0,0,0,220,0.0,1,44,170,0
71,ik7hfs,0,1,1,112,4,0,0,0,204,0.1,1,47,143,0
72,qwj1yf,0,1,2,172,3,0,1,0,199,0.5,1,52,162,0
73,qvhk9e,0,1,1,120,3,0,0,0,215,0.0,0,37,170,0
74,igwnqo,1,2,0,126,3,1,1,0,218,2.2,1,59,134,0
75,4v0q7o,1,2,2,178,4,2,1,0,228,1.0,0,66,165,1
76,hh2awp,0,2,1,136,3,0,0,2,196,0.1,0,52,169,0
77,vfjppl,1,2,2,124,4,1,0,2,266,2.2,1,54,109,1
78,6lu42b,1,2,2,145,4,2,0,2,282,2.8,1,60,142,1
79,shiro4,1,2,2,130,4,1,0,2,254,1.4,1,63,147,0
80,3wl3z4,0,3,1,130,3,0,1,2,197,1.2,1,53,152,0
81,ebioez,1,2,2,120,4,1,0,0,188,1.4,1,54,113,0
82,37c0vm,1,3,2,110,2,0,0,0,229,1.0,1,48,168,0
83,v52zcs,1,2,2,128,4,2,0,2,259,3.0,1,58,130,1
84,6nkcaw,0,1,1,130,3,0,0,2,256,0.5,0,51,149,0
85,hfp05i,1,1,1,118,3,3,0,2,149,0.8,1,49,126,0
86,grfxwd,0,1,1,112,3,0,0,2,268,0.0,0,41,172,1
87,bvcxah,1,1,2,140,4,1,0,0,177,0.0,1,59,162,1
88,i49srr,0,1,1,150,3,0,0,0,168,1.6,1,57,174,0
89,93dbhq,0,1,1,130,2,0,0,0,262,0.0,1,55,155,0
90,jscmp8,0,2,1,134,2,0,0,0,271,0.0,0,49,162,0
91,zaytyf,1,2,1,100,4,2,0,2,299,0.9,1,67,125,1
92,wze8qm,0,1,1,135,3,0,1,0,304,0.0,0,54,170,0
93,w3933i,1,2,2,140,4,2,0,2,293,1.2,1,60,170,0
94,7uch9x,0,2,1,108,3,0,0,0,141,0.6,0,44,175,0
95,dy5hxt,0,1,2,118,3,1,0,0,277,1.0,1,68,151,0
96,c0gkqc,1,2,0,145,4,2,0,2,212,2.0,1,64,132,0
97,z5g5p3,0,2,1,160,1,1,1,2,234,0.1,1,69,131,0
98,h3uzv8,0,1,1,155,3,0,0,0,269,0.8,0,65,148,0
99,bthqr4,0,1,1,150,1,0,1,2,283,1.0,0,58,162,0
100,rfj25e,0,1,1,140,3,0,0,2,321,0.0,1,39,182,0
101,9f92et,0,2,1,140,2,0,0,2,294,1.3,0,56,153,0
102,24fopx,1,2,2,110,4,1,0,2,239,1.2,1,59,142,1
103,ldr1mz,0,1,1,140,3,1,0,2,308,1.5,0,51,142,0
104,wokyol,0,1,2,140,3,0,0,0,313,0.2,0,64,133,0
105,p5orwa,0,2,1,130,4,2,0,0,303,2.0,0,64,122,0
106,s8dx1q,0,1,2,150,3,0,0,2,232,1.6,1,54,165,0
107,7kf275,1,2,2,160,4,1,0,2,289,0.8,1,55,145,1
108,e68djo,0,1,1,125,1,1,0,2,213,1.4,1,51,125,1
109,3ze7pv,1,2,2,124,4,0,0,2,274,0.5,1,48,166,0
110,0g192k,0,2,2,128,4,1,0,0,263,0.2,1,64,105,1
111,3s141s,0,1,1,120,2,0,0,0,244,1.1,0,50,162,0
112,6r9x2j,1,2,2,140,4,3,0,0,298,4.2,1,51,122,1
113,sqddbc,1,2,2,180,3,0,1,2,274,1.6,1,68,150,1
114,nizd9c,0,1,1,112,3,0,0,0,250,0.0,1,41,179,0
115,lpub9d,0,1,1,140,3,0,1,2,211,0.0,1,58,165,0
116,bv01fp,0,2,0,135,2,0,0,0,203,0.0,1,41,132,0
117,9dqkpy,1,1,2,110,4,0,0,2,172,0.0,1,41,158,0
118,2fqzg8,1,2,2,132,4,1,0,0,353,1.2,1,55,132,1
119,1jruhz,1,2,1,138,4,3,1,0,294,1.9,0,62,106,0
120,ju1wdc,1,2,1,138,1,1,1,2,282,1.4,1,65,174,0
121,f4n8ny,0,1,1,118,2,0,0,0,210,0.7,0,34,192,0
122,97v1yz,0,2,0,140,4,0,0,0,192,0.4,1,57,148,0
123,6jcc1y,0,1,1,130,3,3,1,2,246,0.0,1,53,173,0
124,tbo0wx,1,2,1,160,4,3,0,2,286,1.5,1,67,108,1
125,4b32pd,0,1,1,160,3,0,0,2,360,0.8,0,65,151,0
126,0ryxtv,0,2,1,102,4,0,0,2,265,0.6,0,42,122,0
127,w1wgrq,0,2,2,120,3,0,0,2,258,0.4,1,54,147,0
128,syvayq,1,3,2,145,4,0,0,0,174,2.6,1,70,125,1
129,lq4ldx,1,3,1,120,4,1,0,2,246,2.2,1,64,96,1
130,0zldrz,0,1,2,94,3,1,0,0,227,0.0,1,51,154,1
131,98kb5h,0,2,1,100,4,0,0,2,248,1.0,0,58,122,0
132,1wwvr0,0,1,1,130,2,0,0,2,204,1.4,0,41,172,0
133,f1ziva,1,1,2,132,3,2,0,2,224,3.2,1,58,173,0
134,e3dnw3,1,1,2,125,4,2,0,2,300,0.0,1,58,171,0
135,08usun,0,1,2,120,4,0,0,0,177,0.4,1,65,140,0
136,fzzkh7,1,1,2,130,4,2,1,2,256,0.0,1,48,150,1
137,9upsjl,1,2,1,150,4,0,0,0,244,1.4,0,62,154,1
138,ebloe5,0,1,1,140,3,0,0,2,235,0.0,1,44,180,0
139,srm6ut,0,1,1,130,2,0,0,2,219,0.0,1,44,188,0
140,noxsnw,1,3,2,140,4,0,0,0,217,5.6,1,55,111,1
141,471q03,0,2,2,120,1,0,0,2,193,1.9,1,56,162,0
142,uvwymz,0,1,2,120,2,0,0,0,263,0.0,1,44,173,0
143,7eyvsi,1,2,2,110,4,0,0,2,167,2.0,1,40,114,1
144,a946ij,1,2,2,128,4,3,0,2,216,2.2,1,58,131,1
145,drdvf9,0,1,1,140,2,2,0,0,195,0.0,0,63,179,0
146,z8yl4y,0,1,2,140,1,0,0,0,199,1.4,1,40,178,1
147,mxabaz,1,2,1,134,1,2,0,0,234,2.6,1,61,145,0
148,cpqg4x,1,1,1,108,3,0,0,0,243,0.0,1,47,152,0
149,8c36yw,1,2,2,128,3,1,0,2,229,0.4,1,57,150,0
150,x4yp0f,0,1,2,108,2,0,0,0,309,0.0,1,54,156,0
151,9at0il,0,3,1,125,3,1,0,2,273,0.5,1,54,152,0
152,nfag5b,1,2,2,120,4,0,0,0,198,1.6,1,35,130,1
153,strmq8,1,1,1,112,4,1,0,2,290,0.0,1,44,153,0
154,43k3gx,1,2,2,130,3,1,0,0,263,1.2,0,62,97,0
155,fz84ac,1,1,1,160,1,0,0,2,273,0.0,1,59,125,0
156,02cipp,0,1,1,140,1,2,0,0,239,1.8,0,69,151,0
157,1ennzl,0,1,1,130,3,0,0,0,275,0.2,0,48,139,0
158,isq8yp,0,1,1,120,3,0,0,0,226,0.0,1,44,169,0
159,ewckbx,1,2,2,130,4,2,0,2,206,2.4,1,60,132,1
160,dtljkq,0,1,1,130,2,0,0,0,266,0.6,1,49,171,0
161,a2kf1z,1,1,2,117,4,2,1,0,230,1.4,1,60,160,1
162,usnkhx,1,3,2,160,4,3,0,2,164,6.2,0,62,145,0
163,hltlsl,1,2,2,142,4,3,0,2,309,0.0,1,45,147,1
164,l0c19s,0,1,2,142,4,0,0,2,226,0.0,1,53,111,1
165,lcexsf,0,1,1,152,3,1,0,0,277,0.0,0,67,172,0
166,y3m2bd,0,1,2,132,4,0,0,0,207,0.0,1,57,168,1
167,qcjf51,1,1,2,120,4,0,0,2,249,0.8,1,46,144,0
168,7zbya5,0,3,0,145,1,0,1,2,233,2.3,1,63,150,0
169,23gf0e,0,2,1,110,1,0,0,2,211,1.8,1,64,144,1
170,qhz9ye,1,1,2,150,4,0,0,2,270,0.8,1,58,111,1
171,u25507,1,1,1,112,4,1,0,2,212,0.1,1,66,132,1
172,j9tw19,1,2,2,118,4,0,0,0,219,1.2,1,39,140,0
173,5o32oi,1,1,2,140,4,0,0,0,299,1.6,1,51,173,1
174,o63ri2,0,1,1,140,4,0,0,0,239,1.2,1,54,160,0
175,5qfar3,1,2,2,125,4,2,1,0,254,0.2,1,67,163,0
176,2s2b1f,1,2,1,180,4,0,0,1,327,3.4,0,55,117,1
177,nsd00i,1,2,2,125,3,0,0,0,309,1.8,1,64,131,1
178,0xw93k,0,1,1,124,3,2,1,0,255,0.0,1,48,175,0
179,2nx10r,0,1,1,160,3,1,0,0,201,0.0,0,54,163,0
